392.39
145.80
399.77
130.38
398.14
124.23
400.70
215.10
192.60
257.63
165.81
128.92
220.78
362.37
226.99
404.66
381.59
319.28
394.17
367.16
295.30
109.95
196.62
213.76
377.55
195.22
224.94
235.80
183.87
388.35
273.70
284.36
284.35
184.68
219.35
222.37
287.77
116.28
361.10
279.95
111.84
185.47
218.66
321.09
116.05
110.33
392.37
173.46
317.66
254.30
380.23
336.12
145.85
384.23
338.72
296.80
394.21
277.61
110.96
377.46
117.69
235.41
248.59
164.29
384.14
332.99
261.70
365.38
390.83
395.21
257.08
298.61
124.80
401.31
225.73
350.42
141.95
296.43
288.47
207.90
224.68
227.64
230.07
144.98
300.37
388.14
186.92
237.55
162.81
263.76
183.11
267.81
348.62
168.62
272.88
310.60
310.19
214.08
326.27
278.19
1050.54
962.60
1018.58
1131.52
1237.70
957.30
900.85
1053.55
1087.49
916.28
1057.50
922.82
1060.63
1054.09
1100.02
880.55
1033.18
1049.31
907.70
948.25
1116.06
1062.28
1015.33
1249.33
952.93
1060.61
981.24
1088.69
947.46
984.52
935.84
1087.04
1260.15
1040.82
926.63
921.91
819.05
1034.38
919.55
1149.86
1053.50
1085.49
1185.74
941.24
1259.71
1018.85
1046.38
1020.96
1081.32
934.79
1050.57
989.11
1118.05
1007.73
832.16
1026.49
1261.49
881.47
940.15
1049.10
942.76
814.91
1197.86
1040.46
946.78
1278.66
966.05
1014.14
1124.68
655.07
895.38
1148.13
1134.89
820.14
847.92
1287.12
1043.13
1055.94
908.63
937.50
1028.14
885.16
1044.52
1129.32
1278.06
1009.24
971.44
1083.47
997.27
1006.99
957.96
1213.95
1206.29
886.27
811.91
1197.23
1228.06
813.28
825.05
1165.84
1357.45
1010.06
1915.53
1365.78
937.63
1887.13
1580.12
1272.31
1414.99
1893.38
1175.21
1409.79
1466.53
1484.42
1217.71
1667.79
993.60
1511.72
1457.96
1516.51
1364.75
1790.02
1682.24
1308.82
1866.96
969.44
1520.23
1184.95
1455.05
1246.67
983.82
1399.89
1589.45
1137.41
1251.44
1243.52
1508.48
1065.82
1578.28
1184.97
1513.64
941.92
1240.33
1153.80
1384.20
1684.21
1580.43
1422.20
1059.95
1944.00
1632.78
1555.84
1614.91
1014.13
1399.85
1401.75
929.29
1171.72
1747.78
1561.77
931.75
1258.56
1774.95
1616.46
1025.87
1478.10
1906.56
1477.96
1813.41
1468.73
1526.27
1656.11
1115.72
1325.45
1139.21
1405.81
1774.37
1318.96
1170.47
1414.33
1322.49
1396.80
1688.38
1415.09
1014.09
1623.18
1318.33
1227.96
1239.45
1427.62
1692.84
1178.76
1447.22
1588.55
1502.28
873.53
1428.49
1499.73
1123.04
1229.71
1266.44
1132.33
701.93
1017.45
715.82
1002.31
554.05
803.38
823.77
1048.79
648.48
727.87
828.73
646.99
681.88
1002.11
1271.47
492.92
679.65
579.44
1325.78
1001.95
863.22
865.75
902.99
636.07
1365.35
1069.03
577.01
1063.45
506.21
582.32
586.02
1211.97
836.62
979.97
850.69
541.09
1211.49
1476.98
719.68
983.37
839.64
1239.81
1040.73
778.69
962.49
539.75
590.68
1358.78
1140.11
1101.93
587.08
1354.05
553.20
844.48
763.60
783.01
529.17
829.05
836.78
669.07
1202.14
854.00
523.81
1098.22
1412.51
604.52
803.20
642.99
1169.21
654.82
789.26
793.27
775.01
1292.52
763.76
543.05
840.19
1159.74
917.42
1405.20
692.70
459.08
975.09
662.66
1210.66
420.11
748.01
1023.76
588.06
1224.57
567.53
731.48
1135.87
1311.61
891.85
845.06
1303.68
1098.46
1434.96
508.97
1298.26
1367.80
728.51
683.30
1370.95
1122.24
769.11
1440.29
596.68
792.25
1241.07
1096.02
1129.83
896.51
1594.20
606.78
1493.98
560.65
1302.86
676.65
975.59
1097.49
1050.93
1092.58
1401.00
886.85
584.15
1542.60
626.28
904.21
1116.49
1111.47
785.30
1676.80
950.84
790.16
1142.20
759.28
1177.78
1341.66
602.44
464.05
835.60
1428.40
498.72
1037.66
1549.65
823.54
325.56
332.06
374.61
465.77
702.23
628.50
775.95
800.42
406.24
481.23
875.71
846.23
622.09
670.35
810.82
436.35
741.25
700.04
724.01
375.21
722.88
688.77
799.55
714.90
628.24
910.08
692.38
804.64
938.02
396.55
618.80
597.83
332.47
360.05
863.06
601.80
819.12
681.99
834.69
844.70
444.78
500.27
422.42
858.25
407.16
386.86
683.71
672.96
882.52
822.74
672.42
669.23
553.29
344.63
673.77
344.25
969.59
527.04
664.70
539.39
626.51
801.35
545.36
434.16
364.20
648.86
757.38
770.64
641.06
414.87
765.27
901.62
852.05
438.00
436.31
427.13
530.27
470.03
941.52
415.57
551.58
776.42
487.15
580.43
345.78
471.01
863.01
357.83
823.00
524.32
492.17
649.83
653.29
274.69
410.56
427.34
811.06
758.03
396.05
951.16
878.63
1040.91
1115.11
1259.80
815.68
798.21
1044.52
1017.57
1078.33
837.25
1136.59
853.70
1302.01
956.53
843.65
1109.42
918.39
933.58
1275.20
1240.10
953.34
842.38
1125.41
1312.42
823.75
1111.88
844.52
1040.19
1147.01
857.11
994.56
1049.03
948.95
886.42
1190.05
870.44
1246.23
1242.24
1023.02
1240.24
864.33
1305.72
1134.77
907.21
1142.11
884.45
863.61
1221.20
960.05
799.04
981.19
1049.58
1103.93
834.85
910.68
839.97
1112.35
819.24
942.40
871.43
1096.67
1118.24
774.41
1060.89
828.93
1069.55
1014.20
831.79
897.90
939.44
1304.13
754.36
814.60
819.89
1230.93
845.35
1276.17
1027.59
1309.41
977.12
977.07
1017.97
1073.95
895.29
1271.61
950.03
874.40
840.35
1037.25
907.37
789.58
997.29
1028.27
1301.96
1343.23
784.85
928.00
1195.30
860.79
1057.53
1252.46
1223.08
1433.56
1549.83
1275.45
1363.40
1598.43
1309.68
1269.34
1260.13
1277.45
1297.76
1152.21
1300.61
1305.00
1315.21
1218.08
1410.49
1190.46
1244.51
1191.74
1151.08
1217.72
1237.12
1598.01
1382.00
1201.59
1380.93
1171.70
1281.90
1281.67
1344.53
1290.92
1297.96
1272.31
1238.55
1195.80
1335.88
1379.68
1177.39
1154.83
1339.70
1282.48
1147.41
1151.72
1349.25
1186.50
1237.29
1496.67
1296.13
1221.57
1238.03
1343.44
1216.97
1359.90
1218.93
1241.14
1331.17
1356.51
1346.71
1374.53
1199.37
1281.09
1207.08
1245.01
1257.96
1301.71
1253.03
1379.49
1202.51
1498.95
1211.33
1207.84
1292.90
1300.54
1398.38
1171.12
1263.69
1312.48
1339.14
1301.09
1165.09
1324.96
1366.48
1458.71
1259.80
1268.46
1159.27
1334.23
1287.93
1220.97
1261.88
1472.08
1159.71
1420.99
1213.56
1292.39
1263.75
1211.66
1213.23
701.49
568.36
1262.41
1546.92
767.90
872.97
1444.06
1514.54
727.21
1729.44
1929.24
907.15
2089.20
1775.16
869.50
2246.67
1360.06
1185.26
1432.79
1957.96
671.36
2001.02
1608.85
1797.04
1743.17
1283.17
960.00
1135.47
1648.08
1591.36
1373.03
954.57
1972.08
435.04
1054.11
1617.35
1028.09
1589.68
1543.01
548.32
1342.34
1615.04
1596.19
835.51
644.49
1385.60
1621.64
715.79
1207.11
806.15
918.19
928.62
1733.38
1901.57
1043.20
1552.30
1369.30
1404.45
654.48
1671.34
1579.90
1501.66
348.93
200.87
1418.29
550.52
1470.20
1552.63
706.94
1183.83
1865.59
695.52
829.38
596.93
858.08
932.75
1582.21
1111.62
489.02
1437.23
1650.43
1384.39
793.81
1167.45
388.40
1929.94
877.14
1710.19
1344.88
1396.10
1782.06
666.89
1721.11
727.56
847.59
1151.60
1330.32
642.82
542.77
1120.52
1851.54
1286.50
1055.29
1432.76
1318.68
1208.54
1250.36
1225.01
669.21
1260.10
1808.36
657.61
1492.16
816.10
802.05
1594.87
1825.66
822.65
1414.21
1105.25
1250.09
1764.41
1183.35
1281.73
513.43
1840.20
1559.53
1254.46
887.32
1812.53
435.06
1060.57
779.33
419.92
544.50
772.88
759.14
542.84
1190.30
622.50
523.04
656.77
903.74
1808.54
1210.15
1462.45
1853.73
1339.16
673.05
1699.22
1054.81
1520.75
2038.12
1843.89
1058.18
858.61
989.63
490.86
1515.73
1392.92
1487.45
1206.22
413.12
642.50
1108.19
1645.36
1252.58
1078.36
1330.47
2040.03
2037.15
1687.41
1219.19
2131.00
653.38
683.07
1198.71
1773.73
1029.62
1181.86
1416.80
1460.35
1730.66
1081.82
1140.80
778.66
663.17
478.35
885.28
1786.41
1762.50
1984.49
822.47
900.04
1192.12
994.82
1165.84
1163.22
595.29
1161.90
868.00
652.99
1565.09
975.43
1264.58
1175.82
840.04
889.09
1003.91
1985.61
859.29
1871.07
1369.61
832.25
1234.04
2204.07
1464.68
1551.62
874.11
1462.57
1028.85
2126.32
1277.39
1339.89
665.40
1109.41
764.24
480.15
805.24
1961.09
594.65
1562.56
1671.52
1194.74
1714.55
977.35
1975.96
2051.89
1804.35
1495.49
899.66
957.20
1462.74
1032.21
1996.09
1895.90
636.52
1347.07
1292.94
1295.84
838.35
842.87
1680.22
1016.47
1657.91
1961.71
973.71
1564.83
1153.09
1580.31
1680.62
1375.43
1012.47
979.16
1100.26
1126.31
792.82
865.75
1601.88
1489.92
1097.84
1409.90
936.82
1331.51
1128.90
1654.75
1258.28
1385.57
1837.63
910.71
595.71
1099.02
570.95
775.87
751.25
1073.71
1192.43
1173.91
1432.73
1156.99
884.81
983.89
1480.52
1544.30
1184.80
1143.75
851.26
1781.60
1153.48
1091.78
1192.35
1858.54
645.54
1729.78
771.57
1781.06
1993.83
1097.79
1417.13
1696.11
1353.05
1519.15
1515.78
1013.07
1038.44
700.57
1614.62
1752.83
1303.81
1043.60
778.66
1955.77
598.64
1350.25
619.90
947.46
1391.34
955.00
1767.27
1379.44
870.25
1765.64
1250.33
1512.07
1184.32
438.91
1172.17
2197.25
1268.73
702.52
1361.88
908.33
1393.33
1440.55
855.22
795.32
480.71
1413.40
1435.52
2017.80
1277.10
1420.38
1885.15
1338.38
2020.12
1378.67
1244.27
860.87
1266.50
1445.68
1953.39
1766.32
1218.34
1995.95
882.84
1102.54
1706.19
1016.63
1342.38
1467.42
879.09
1384.08
1552.00
613.41
1046.53
837.36
1303.68
1228.83
1104.97
1035.60
843.48
1386.30
1320.43
1365.97
661.65
671.23
1255.04
822.59
1405.24
1779.00
813.94
1396.52
1620.01
1108.33
1369.31
1009.37
1285.19
1384.05
1347.76
529.48
1076.59
1356.15
304.67
2135.96
696.44
1077.72
1100.25
1154.65
1901.17
1144.17
935.39
1664.67
1017.03
1399.12
1186.03
1736.27
654.74
782.36
1116.69
1378.37
1084.52
867.58
1652.97
1203.04
1506.48
1106.08
1850.89
874.04
1743.67
1267.86
989.61
1071.21
962.88
1051.22
2065.60
1741.42
1135.33
847.67
1661.34
1518.25
1298.47
1444.65
1262.57
1651.54
1235.60
1772.88
1418.81
876.46
1684.60
1424.68
1284.40
1549.29
918.24
1439.76
634.68
476.85
1823.46
1160.25
1369.44
1112.85
1534.84
459.77
2016.96
847.13
1426.80
1290.14
375.43
1426.89
1281.30
515.80
1548.41
918.97
885.05
1313.01
779.74
1404.12
714.24
1137.32
1043.54
856.68
867.48
1627.48
871.54
1699.04
1632.35
608.07
1490.38
985.89
805.68
902.32
437.53
1765.04
502.57
1172.59
1417.61
994.32
1659.52
1553.66
1301.05
762.71
1584.05
1202.44
1292.34
650.66
853.54
1393.36
870.68
1384.99
1272.55
2065.20
871.65
803.60
1821.46
1577.60
1118.14
1294.18
1955.23
1364.44
1148.42
1136.50
1108.42
670.20
1233.70
1877.09
690.84
1217.57
1296.68
1273.04
1128.01
946.40
1040.22
1060.40
645.75
1216.17
1776.37
786.05
1860.82
592.44
600.51
1687.69
819.48
1476.10
1198.05
1259.47
727.16
1951.01
1031.65
1091.52
679.07
803.59
1844.60
694.86
1145.07
696.17
1243.83
1576.96
1569.18
2070.10
629.48
533.25
1592.42
815.62
953.00
1527.62
1462.24
1633.23
1036.97
1004.91
1293.03
874.60
1559.34
1162.66
881.42
1544.36
1070.31
803.60
681.30
1296.01
634.80
620.23
1070.61
1587.14
1620.11
1727.32
760.58
847.04
1122.29
966.31
1167.14
533.19
563.35
764.22
706.88
756.61
1037.18
1232.30
1590.04
1793.87
719.15
1296.43
1529.96
953.03
596.77
1025.46
1769.79
1573.57
1068.47
1666.72
515.33
1687.72
1342.76
857.42
727.62
1113.58
1193.75
839.76
820.40
918.43
1264.42
1453.32
1535.61
1493.71
1012.67
1738.32
1909.48
1233.53
854.04
658.49
1253.21
862.16
1768.01
711.77
1590.24
1752.21
1137.40
684.50
1930.71
906.06
964.00
1046.37
774.83
1956.08
1821.24
1862.75
1473.36
1156.63
808.79
1659.21
802.45
931.25
1058.20
910.94
1802.57
1856.67
1220.19
845.49
1870.87
863.74
1680.09
538.16
710.69
1282.10
1230.03
1859.17
721.05
882.72
1206.03
1206.64
1258.57
1588.83
1928.43
1485.19
1105.70
2062.15
899.18
1206.74
1128.17
1695.94
450.86
1155.37
836.29
770.17
820.72
1278.17
1018.79
597.80
1564.27
830.64
967.09
1707.64
658.44
1634.37
882.29
1433.89
1059.37
1233.31
1372.61
1718.87
745.31
1374.25
1885.45
1723.80
891.40
561.12
847.50
1373.56
900.98
1133.21
742.38
455.04
1058.21
1102.64
648.61
1412.10
2020.21
660.72
723.45
1360.56
1691.34
588.76
1753.42
910.84
736.58
956.90
1456.66
643.00
884.24
1026.68
910.15
884.56
1499.67
1098.80
586.02
1173.80
849.53
1472.08
1477.95
781.37
870.49
759.03
2069.20
1582.73
593.16
664.49
2137.71
1119.48
1218.09
1471.26
1616.39
1050.20
1209.22
1662.44
520.54
1991.42
1588.42
1614.29
904.55
914.29
812.52
1472.65
1470.85
879.66
1581.28
1049.32
882.40
1077.64
616.00
1366.64
1512.25
1959.17
927.38
580.34
950.03
649.62
1146.92
765.24
1847.12
909.97
1214.01
789.68
992.26
534.16
1871.96
1265.05
972.21
1541.16
2090.16
1091.72
226.95
909.28
534.99
1011.96
1525.44
810.30
1383.12
1294.62
1474.46
1970.83
900.89
487.46
1026.30
1767.83
1598.39
1103.75
552.93
1186.09
457.72
624.72
1354.44
1273.76
833.16
458.53
694.47
815.82
1327.10
815.18
1292.45
361.69
748.10
1017.17
1001.52
1590.98
1496.31
1511.36
935.99
1509.78
740.38
1897.31
649.30
1145.01
1531.40
1029.80
1952.26
1212.89
958.23
1016.67
1035.10
1300.35
1876.46
1294.52
784.89
1580.84
740.10
1275.46
1517.42
1185.38
1016.17
986.60
1922.30
2155.41
1424.51
1379.67
586.51
1444.24
1376.49
1911.93
937.86
1157.45
865.95
702.03
1540.40
1349.87
1859.39
1074.14
1922.82
1535.53
1954.07
1099.14
819.14
851.35
1284.00
743.74
1096.87
878.11
980.10
1138.42
1434.65
1737.96
838.74
537.08
852.25
1509.93
930.63
1692.86
884.76
1492.76
537.90
1096.34
893.09
805.00
1472.42
1430.72
1168.05
1604.16
483.97
954.80
772.31
1687.50
1277.65
759.68
1180.31
870.97
1610.42
2058.28
1455.89
1393.95
674.66
1779.92
835.32
845.47
1118.50
1184.77
546.69
1215.90
1453.66
2056.73
1070.02
688.66
674.18
1335.47
706.26
1481.49
1035.40
413.78
1100.46
860.94
1586.77
1318.67
1241.84
624.07
1350.16
1675.73
844.89
976.41
1823.32
1209.80
1238.85
1802.02
1658.61
1377.54
1075.87
569.88
793.69
1582.76
794.28
1362.26
843.96
607.42
1655.49
852.16
953.94
988.01
2275.88
587.34
1783.40
1609.92
706.77
1408.37
1638.79
855.54
913.63
530.86
777.65
1291.62
1541.90
589.31
1196.20
537.28
1634.19
1465.56
1448.99
1324.89
738.49
878.36
1030.94
1228.04
1042.62
1359.17
1909.03
1766.89
1520.48
1302.80
1669.83
1187.17
1083.77
929.09
927.33
1059.74
1032.12
1456.93
1119.82
1877.71
1558.37
1324.45
1972.92
1635.00
1247.83
1534.54
1193.33
774.01
573.10
985.23
1430.28
448.64
1229.37
1030.45
1468.51
1908.57
1868.13
1845.20
1692.15
1624.10
1751.78
1404.84
1238.45
1697.06
1871.80
712.14
820.43
1047.11
1793.90
1531.30
1175.00
2175.92
984.11
583.54
668.44
1325.79
1238.09
439.86
1271.85
999.93
606.89
1488.91
1514.63
866.80
490.40
1259.59
873.58
1713.05
2023.23
1327.55
1018.87
936.33
2037.41
1089.46
852.59
1101.79
1241.20
1039.62
655.35
1390.67
1860.39
808.71
2283.21
1156.89
1096.68
955.89
1232.97
1434.54
1166.52
1564.45
836.95
1500.70
994.08
1321.88
1284.54
1198.67
899.32
2125.70
1146.00
797.31
995.25
1127.45
880.01
2078.88
1469.67
925.48
658.39
1185.72
1580.79
1160.26
570.77
1257.20
1387.38
578.13
530.96
719.29
541.47
745.72
772.05
1035.82
516.36
500.67
504.50
1178.62
513.73
600.89
1172.54
1288.42
1854.99
1749.71
1109.89
1311.38
1014.54
1095.29
1056.51
778.74
1501.13
1088.94
1239.24
832.27
1532.66
1492.94
850.83
799.28
845.96
1720.37
1285.16
670.96
1343.11
1424.86
1331.55
2021.60
823.67
1410.46
1405.67
593.98
1120.89
870.66
1110.84
1153.53
662.71
1255.30
1526.22
1304.63
859.53
969.39
1182.94
1061.55
1720.84
1934.60
2080.35
1148.99
679.69
1349.70
763.30
974.68
1640.30
808.51
967.47
824.05
1583.33
616.36
1155.19
1153.43
554.92
518.47
1470.87
901.87
1715.52
519.02
684.51
965.48
1325.62
1926.79
882.21
1693.83
1428.58
2104.42
1532.90
1039.79
1299.95
670.88
1534.73
1295.31
508.33
1120.78
509.62
1624.44
1329.30
694.53
1117.56
781.35
876.01
1334.97
575.10
879.49
634.24
1885.74
1949.54
983.80
661.69
693.83
1781.47
204.48
938.04
1554.31
950.36
641.65
1595.09
1167.06
768.66
933.08
1404.17
1306.83
1136.25
1189.27
1574.95
663.24
1884.50
1796.99
1205.25
1095.63
947.13
1082.58
2248.51
976.58
1683.60
846.72
1869.10
911.57
879.75
1662.90
1854.69
832.16
972.72
758.32
1445.12
1084.63
1375.09
969.06
1307.13
1054.97
1315.93
1697.02
700.03
316.13
930.70
1061.27
1365.80
1223.95
1448.79
1090.23
1487.64
1280.79
1345.68
524.40
2131.53
1163.91
949.03
1182.66
1946.62
827.64
1469.74
858.96
1394.87
902.95
1141.46
1056.35
849.37
1186.73
1064.97
1812.80
348.17
1576.15
760.44
720.55
738.68
1029.99
1859.05
1045.08
1372.38
1473.29
1526.88
781.39
1122.57
1716.44
1768.54
1161.91
498.52
733.22
1385.14
1285.80
1204.39
428.69
1608.22
482.42
635.29
1333.90
1463.36
1547.02
759.34
863.28
1867.30
1960.77
1186.00
824.50
1465.30
1111.88
549.61
1572.13
1931.39
1767.77
1328.00
937.33
1192.79
813.28
1591.66
1246.29
1125.94
1557.09
1393.08
645.02
731.32
1044.44
1827.68
927.71
1770.97
745.25
1723.34
1629.70
1523.32
1623.56
555.85
1778.01
832.77
836.87
1037.54
1974.56
888.55
2105.64
1376.05
665.34
961.55
1309.87
1663.55
1850.86
1028.37
1162.81
1112.41
497.78
1383.87
1129.51
903.99
1271.05
2030.56
780.15
1383.80
888.51
1741.83
702.73
1884.55
2013.63
1706.32
1591.64
1113.51
1238.36
795.86
1537.73
802.10
1734.39
1211.66
1250.44
1005.52
984.90
1267.19
1495.26
1350.04
1470.23
722.67
822.52
1025.36
1322.44
611.40
1101.81
1090.71
1332.83
1787.07
659.83
1229.78
1589.17
1464.12
842.83
913.09
867.63
910.51
1334.37
1661.93
1130.74
1274.48
1103.18
865.49
993.28
800.70
1790.82
1442.10
296.19
1342.34
1163.98
2147.55
1148.47
1539.61
1489.75
582.75
1038.00
1162.48
1146.19
759.29
870.91
810.13
1019.75
1573.42
1776.89
1766.40
1402.48
661.12
513.65
1162.05
544.50
920.92
684.91
669.49
839.89
1096.75
1458.14
745.50
1346.58
1045.39
1609.67
1104.34
923.31
1586.93
1247.53
1067.15
1592.85
1309.97
1474.95
2231.79
1717.46
1099.83
469.99
1104.19
984.62
1708.39
536.28
1345.53
1444.99
1165.08
1198.76
965.06
481.63
1121.69
1094.31
179.80
615.29
1153.98
1975.78
1190.37
1581.91
1134.93
1989.46
1135.48
750.79
1589.50
1171.86
652.97
887.40
871.75
1467.52
1716.41
1167.90
726.93
1990.56
1164.45
966.35
1237.18
621.53
1508.11
1113.94
1686.64
1865.30
850.44
1876.35
166.92
1554.67
651.56
1324.72
1659.28
527.98
1843.09
1568.65
1004.04
996.87
618.18
865.23
1930.87
984.83
828.51
1356.24
690.90
1971.96
1443.36
1480.09
329.70
1685.03
544.63
258.91
1793.11
1294.82
1306.72
1176.69
912.42
1437.10
1056.87
843.57
952.33
1486.16
1385.48
1523.42
583.22
1560.56
865.37
998.76
1261.04
1181.58
1979.44
973.64
818.50
1335.15
1855.43
614.61
602.88
785.13
1502.72
740.04
761.52
1127.51
1033.25
2055.30
1042.94
1797.21
989.33
1600.52
1938.04
924.89
773.25
928.09
1144.76
2230.45
1633.46
589.94
1211.26
1044.45
1277.68
740.19
1147.17
555.66
1286.68
1564.72
1937.33
1888.01
1376.74
584.72
1332.85
1537.49
1397.19
484.85
1019.53
965.03
764.89
742.82
967.67
1099.15
1219.92
2003.21
1163.85
433.39
615.09
1607.38
862.70
1886.39
1593.25
572.49
1062.49
1600.99
623.27
1350.51
1289.51
1094.35
1430.67
1071.68
1389.52
2066.20
1705.15
1042.98
579.47
1531.34
1401.22
1597.41
1256.28
1319.79
1531.03
1811.95
1753.71
754.41
909.64
1185.09
785.04
770.24
930.60
992.27
1053.02
258.78
1089.72
1479.43
1938.46
1483.48
1567.54
1297.41
1240.28
1064.30
792.89
768.74
781.71
1243.47
1393.30
1349.48
1189.14
606.90
1315.48
2095.28
1118.04
1013.58
1373.38
911.80
1574.36
876.87
1212.12
880.74
721.42
1261.40
1557.51
949.22
1231.42
961.08
1226.53
2167.64
889.47
1198.04
1532.34
965.90
945.66
1544.69
826.40
1156.12
901.76
917.50
1334.57
1498.16
1199.03
813.16
1179.58
1125.88
1081.55
689.40
1634.92
697.52
1178.70
1995.91
520.46
1493.35
638.83
1024.14
491.93
1839.61
601.38
383.52
420.78
1322.50
1330.59
749.17
1308.63
1721.33
1277.11
1459.79
1511.66
916.71
1009.18
1064.61
854.26
1702.10
1461.59
750.55
1955.24
962.56
995.75
1519.42
2174.20
899.32
1836.02
1154.83
846.61
1424.69
1554.48
914.14
1050.29
767.97
1738.45
936.20
999.58
1120.06
1166.88
1433.63
1501.90
1381.15
843.19
722.44
1057.02
1394.39
917.29
1731.42
682.57
1797.55
1175.49
1231.55
1311.49
1249.89
1256.86
1599.26
1384.78
1292.86
1413.99
367.66
1663.84
1566.19
1605.43
1294.22
1952.10
852.26
857.22
1461.56
251.68
1183.02
1385.68
555.26
1549.12
1891.09
1395.27
931.49
1170.49
1611.93
816.12
1018.05
1921.75
1231.42
1018.11
1706.36
960.59
1333.34
755.71
1001.05
467.85
1443.84
934.16
874.15
1119.21
877.73
1229.02
1517.98
944.48
1487.53
858.52
768.79
1167.41
1554.34
485.19
445.60
1451.32
1480.57
1168.40
1349.35
1291.78
572.87
522.15
1302.16
689.30
1294.42
1223.88
1591.51
1689.46
1135.11
1367.28
1642.56
812.69
1889.12
1602.77
1476.90
1301.70
819.16
1443.84
1851.71
1100.22
1646.10
1118.99
979.08
790.00
2020.05
706.56
959.46
1023.84
770.58
1161.68
1347.53
1493.13
1743.90
1262.78
1095.36
1245.70
1499.88
776.68
992.25
773.78
1551.27
950.20
1596.51
1541.45
451.66
515.69
1502.44
1540.47
510.78
1484.53
895.97
1357.19
669.72
850.28
1706.56
779.26
429.56
1798.66
1243.15
833.29
1236.90
518.86
908.57
1006.77
1534.38
905.37
1140.40
1167.46
1523.69
1672.79
1212.12
1862.73
1584.99
366.50
1287.95
1286.23
1249.50
485.23
885.87
1396.26
1369.07
1818.04
1327.29
927.43
1546.51
1320.61
1499.18
1633.56
1032.50
769.55
1965.17
1079.55
1320.58
1533.03
683.66
952.42
1703.53
2213.51
1670.41
1933.63
2112.52
1585.86
1460.14
1046.56
673.75
761.56
845.50
913.38
859.45
1347.01
1293.22
705.11
1980.14
1063.00
1149.83
1677.32
919.81
1252.64
422.35
509.00
567.68
847.72
1260.64
1297.51
1096.13
1599.46
1027.18
1655.19
1407.64
514.98
805.40
1115.02
878.10
1102.42
532.50
659.72
793.25
689.03
1038.18
1501.70
628.10
1036.25
1303.04
2074.33
971.35
663.79
684.00
529.84
1964.90
1773.21
1719.98
853.07
1069.87
925.49
1283.40
1578.89
1229.75
1458.73
955.51
1033.71
834.22
842.47
1180.63
365.72
1455.76
1670.95
1481.55
834.36
1344.39
1135.97
582.16
1485.64
899.07
901.53
668.49
1310.82
1901.66
1205.55
496.80
1723.74
1911.10
660.12
1686.24
1301.58
1193.76
882.64
1841.92
1882.13
864.28
1177.90
1305.61
625.54
716.99
1368.30
1332.16
642.65
1880.17
1024.93
842.07
1240.00
2039.01
766.61
673.29
1700.45
627.50
667.61
1744.94
758.75
399.80
1105.61
357.56
927.39
642.15
1234.56
1176.45
1692.09
847.23
894.09
461.74
1270.63
1509.09
1458.53
1314.59
1034.75
1823.55
1068.91
915.09
985.86
1446.65
1000.94
351.04
2328.21
1231.66
775.35
877.46
615.93
1488.67
1281.55
727.80
1577.25
1299.28
1287.08
1146.39
935.68
1144.89
1343.49
1064.70
1160.17
1941.94
894.56
2235.59
845.56
1260.92
1226.66
1493.28
1209.92
1820.68
849.65
1129.82
1371.22
841.85
1324.18
1141.75
1038.81
894.42
582.43
1041.16
645.65
1726.43
594.21
1213.85
1657.38
1622.56
1931.58
605.23
841.08
1078.24
1049.17
850.32
1103.96
1046.02
1077.01
842.28
1389.41
953.55
644.53
958.58
544.58
1441.91
1671.02
902.28
585.18
1514.61
845.17
1283.57
1950.72
1774.48
1127.22
979.92
1069.49
551.24
441.95
1111.75
1606.91
1228.37
1441.02
2336.82
1110.66
1416.55
1490.09
1528.53
744.58
1196.47
1107.28
1081.47
612.03
1203.33
1784.45
1440.10
1505.99
741.98
1584.72
2280.23
605.57
1011.76
936.53
1389.73
1930.49
1576.17
762.94
2029.90
1271.08
1896.65
836.14
1098.26
1597.11
370.14
550.23
782.36
735.55
1770.73
1668.65
1301.72
667.95
1441.54
1854.80
550.52
1281.79
1181.44
1403.30
572.18
1586.98
1141.39
910.44
1431.84
1752.22
894.42
820.61
635.28
803.61
1284.08
1802.39
1534.83
455.53
654.99
898.60
1134.99
811.71
1944.83
1406.37
1692.06
1460.59
1204.62
965.29
1186.39
794.57
1465.02
1834.32
1146.55
1502.52
1698.70
1924.98
1195.05
906.08
1015.91
1223.07
1675.90
839.62
1975.84
1601.78
1937.15
1101.17
1583.03
1877.13
950.51
1223.68
1536.86
1702.49
1065.54
1282.06
645.92
602.29
1147.49
1004.45
937.28
1128.75
1298.19
1347.05
1138.02
1677.31
659.58
1629.28
1706.13
1197.16
890.18
1388.52
1548.72
1505.48
1792.15
1396.17
902.59
1636.42
900.40
1480.37
1711.60
1869.42
860.40
1062.05
1577.51
1214.64
1059.84
796.99
1081.01
543.35
1240.61
579.20
1074.21
815.46
1033.74
1032.84
1545.65
1095.73
1437.09
1867.15
2064.58
514.15
790.96
555.57
780.81
1889.22
1090.19
1173.97
1890.46
483.67
658.48
1486.78
1366.61
1645.09
1595.75
548.59
754.99
1371.35
1030.51
1007.19
957.42
1124.87
1072.08
987.74
1036.26
809.46
1081.34
1283.91
1648.18
1472.74
1377.40
868.60
1228.28
761.10
1732.28
556.74
851.01
905.43
1073.23
1069.03
2113.01
1958.65
930.65
1177.94
662.45
1649.19
1279.28
672.89
1324.43
1380.65
1061.05
1605.61
887.67
1592.81
1011.09
1228.92
1523.70
1267.17
941.19
1390.47
1140.25
1671.41
1170.14
2081.98
685.88
619.13
1494.58
876.03
1054.89
562.86
875.35
1169.51
542.79
627.55
424.24
634.26
1460.57
588.00
1132.08
2015.71
1919.73
906.54
2015.17
1920.12
1112.96
845.58
1891.54
1090.48
2078.52
716.70
1833.57
1226.72
609.54
841.39
790.95
1074.19
1114.69
902.75
1379.73
1274.61
1070.32
594.24
1358.12
1086.72
1283.21
723.57
1119.79
1273.44
857.22
628.54
970.87
410.05
1414.44
1544.71
1217.57
1449.16
933.05
1871.33
1271.36
1184.87
1423.18
864.93
1465.18
1509.49
1242.32
1280.73
559.73
1606.36
764.72
1989.40
501.10
1324.78
1396.13
850.97
1429.26
1372.44
1268.77
1085.12
936.40
1805.47
1277.56
872.83
1315.33
1115.82
612.93
1128.66
1553.38
1309.70
534.33
312.14
1240.52
551.56
1689.64
1301.68
1191.15
892.26
1892.72
1366.94
718.03
1108.29
1855.88
1086.83
1610.84
1223.56
1034.48
1049.07
1378.05
1605.54
1476.32
722.49
1861.77
1150.22
662.22
1570.28
1048.00
632.91
1290.14
1838.38
1758.88
1898.68
1111.31
1609.67
859.12
1459.01
1478.30
1667.55
1933.88
1129.37
1039.36
1077.66
2067.04
1850.60
2062.63
2095.76
917.73
807.93
1175.77
992.70
947.14
660.56
513.45
1609.32
626.08
772.97
1359.70
738.56
1003.70
1030.07
1271.27
441.36
1004.50
1272.05
1162.43
391.21
536.68
1560.56
1179.16
1090.87
2153.78
999.40
476.08
1841.73
1277.80
1532.51
2019.38
966.39
1352.92
648.60
1099.83
1240.87
1383.29
1247.16
1364.02
1695.72
608.70
2139.85
1423.53
1006.01
1670.79
1699.39
1495.04
1124.83
580.08
1266.19
844.12
1306.47
1260.82
1904.50
1629.39
765.91
1737.66
1686.51
858.71
683.79
1903.59
1591.52
1174.52
1255.39
1307.31
849.84
2166.66
513.83
1318.58
1706.82
1687.12
875.94
1932.84
638.57
998.04
801.74
1507.58
1743.57
510.99
760.12
1040.67
603.52
1402.21
1020.81
1944.07
1576.03
774.35
906.61
643.61
2167.65
958.10
1481.77
1522.17
536.34
1468.70
1073.39
897.53
926.46
820.96
1501.30
1060.25
1286.26
1578.28
1205.45
896.34
1351.08
1069.84
1622.56
1289.57
1073.17
955.59
1049.11
917.70
1596.45
946.11
816.32
1605.38
441.21
1032.83
1678.45
841.95
1150.80
1251.09
1620.94
1136.57
1043.32
2009.54
446.05
659.95
1380.41
1143.66
1171.61
748.67
567.36
732.61
1481.16
1646.24
1528.27
1468.33
1321.95
1384.20
960.92
1945.95
1446.94
1023.32
1310.19
1268.32
1615.29
799.17
1478.77
1741.38
1808.17
859.48
663.83
1624.38
1333.43
1242.29
1312.28
1215.82
1914.11
828.97
1308.34
877.32
1297.80
1280.89
1862.81
1465.77
1614.14
924.30
1653.08
526.77
886.57
1080.84
1123.54
1415.87
1430.37
1318.15
999.45
903.30
1579.74
681.14
683.15
1720.76
706.14
880.26
1311.72
624.75
1698.96
1948.78
792.35
977.84
1272.46
514.81
1609.63
777.11
1859.83
1276.53
663.30
1857.37
416.57
1670.25
698.56
924.58
1674.39
2286.29
825.76
700.18
928.22
1367.86
1950.41
1533.89
1714.54
822.49
1456.98
1866.46
1659.93
1079.45
1035.85
987.87
1236.68
647.45
1213.40
1635.81
1917.19
1435.04
1742.61
1064.51
1136.65
1195.06
1605.03
1852.00
1894.66
500.94
749.95
2035.02
1077.11
1051.36
1291.71
1835.40
315.42
1938.34
1945.73
1940.99
858.54
1384.90
1038.06
1821.34
1349.36
1888.37
1703.99
1393.60
808.03
1430.36
809.11
1331.17
1724.01
262.68
1975.97
633.68
616.69
964.88
700.66
1845.44
1596.66
1839.36
1943.05
1144.93
2199.33
1071.54
2128.47
969.97
1002.58
1132.30
1119.92
1063.12
918.74
1316.52
2195.15
480.44
1315.02
1044.71
1662.61
1539.36
1162.51
1730.16
1215.33
903.40
529.83
484.21
1143.98
1891.67
1650.59
1234.22
1072.92
1123.79
742.62
1577.02
702.69
662.28
1220.54
2173.05
886.76
1679.90
1878.41
889.66
1170.95
746.22
1294.90
792.49
2038.78
978.80
1556.11
1770.18
1168.65
751.50
1432.99
989.89
962.43
1161.18
1474.68
776.75
595.38
1890.43
899.60
1165.60
893.49
779.45
1506.26
869.83
748.21
863.56
1437.75
1311.95
769.73
1110.72
1042.74
1152.12
815.92
1480.95
1305.72
1071.83
1731.66
984.32
1934.24
1155.69
1429.15
1462.90
1697.11
2011.41
1021.14
1247.65
1320.43
1350.73
1565.37
1496.46
1980.04
1266.52
832.91
1827.85
625.99
1144.81
2123.36
1143.58
705.68
499.29
692.00
1753.95
830.19
1793.38
1408.29
1333.21
1044.83
1251.88
454.89
990.99
1530.78
967.46
1531.06
1035.66
1203.79
1915.27
1663.57
827.67
844.21
810.30
786.64
1181.32
1339.86
1409.99
1206.38
1639.28
981.81
929.89
665.72
1460.80
973.40
1878.82
575.43
748.81
1535.89
780.58
1825.13
922.55
838.62
793.50
1286.23
781.78
1595.30
1410.77
745.11
1483.72
645.58
596.50
1779.86
1396.82
1232.28
1575.71
847.27
778.09
1151.12
309.83
1176.11
1229.82
1824.76
1449.12
1386.03
1474.63
1185.31
710.79
1750.33
1910.76
530.25
913.67
597.91
952.59
1891.04
1433.82
1473.02
1202.36
1024.14
1347.56
1321.77
1527.33
1052.42
1114.20
755.99
1479.38
622.96
1652.12
1421.87
988.05
1039.61
1302.94
1250.77
1583.62
1267.82
1965.34
1777.15
1364.73
1477.70
780.74
1722.27
1422.82
731.19
949.80
1317.95
1356.01
685.33
1335.72
1318.19
1685.46
1639.94
1214.79
1989.44
988.56
1432.03
728.95
1013.50
1143.21
956.38
717.72
1942.38
1023.07
819.40
618.18
625.69
1429.06
1511.23
724.24
812.63
1657.23
2196.79
1092.52
1180.57
1788.75
989.68
331.36
1857.96
876.48
631.82
1357.76
1280.12
1078.81
1298.51
881.15
1331.35
1828.14
741.75
1140.37
1041.63
1238.48
1284.23
1916.76
708.22
618.91
853.61
1678.67
1485.50
1735.55
1283.25
1479.04
616.50
1063.36
1801.98
665.24
612.44
1267.61
546.43
1092.76
1557.85
1463.98
948.07
693.65
882.27
1310.18
1176.72
1246.12
733.76
987.52
1226.73
1273.30
1195.82
1749.57
1177.49
843.34
1620.65
1479.86
1331.09
1201.08
285.75
449.06
1214.23
1141.23
1128.42
1344.20
1218.70
1770.99
801.42
1135.49
636.57
1816.24
1022.90
1626.32
833.22
828.89
1527.38
564.89
765.11
1399.36
1150.01
1147.25
634.75
1548.11
864.66
693.70
1417.13
1738.47
778.50
1253.68
1161.93
2075.52
816.88
1232.86
1583.92
832.21
1481.96
1351.10
1065.30
879.90
877.93
907.16
805.42
848.97
856.19
1510.08
1218.25
1941.22
1027.31
803.53
1356.20
1289.96
1359.16
1060.06
615.31
826.14
1907.90
854.60
1306.85
1194.61
563.49
1316.47
1314.13
822.63
1891.27
1023.31
1032.80
1301.20
1684.70
1901.71
1148.88
2053.32
731.71
248.82
1473.66
1866.56
1512.09
983.07
932.55
1672.87
2053.34
1263.91
1373.90
1058.29
1148.85
871.36
1921.18
894.69
895.14
1575.78
1414.94
936.94
1439.00
1871.60
1351.25
495.41
1197.53
700.45
578.04
1098.83
1878.60
1968.64
1406.71
354.15
1003.19
1015.84
1044.06
1932.37
1349.20
949.30
922.85
945.37
685.43
1348.39
1842.37
1388.73
500.48
1528.72
898.48
897.15
621.71
847.13
1306.41
1357.84
651.93
1805.59
1462.89
1869.41
1260.03
1585.10
1521.35
642.23
1292.82
925.48
1457.55
1867.68
1050.37
1654.24
990.40
1089.54
757.43
617.80
1725.08
1263.35
1560.01
1220.65
902.98
842.61
1587.64
911.01
1671.42
1127.08
1814.27
1958.19
592.41
1015.11
1032.58
729.20
1360.32
1537.50
507.94
1414.99
1259.30
941.31
1413.04
1464.78
1529.45
2111.13
1269.42
462.27
589.59
996.36
944.03
782.50
1062.05
1273.84
852.71
288.96
919.65
1689.82
860.50
980.97
1095.85
1721.18
1153.45
1744.25
479.12
2180.39
1545.48
1356.70
1159.71
743.21
1429.50
1064.64
1485.00
1374.43
326.03
607.96
286.64
1825.53
1238.46
696.95
1446.38
1196.43
1356.03
848.23
1022.65
1963.89
1395.70
339.04
1089.16
1285.04
1695.57
621.09
1363.86
1595.37
1554.44
828.55
1162.69
578.77
856.08
910.15
1200.41
900.32
782.67
1315.28
1230.09
812.06
1467.87
237.98
1277.57
1165.73
1689.22
1330.13
904.47
885.38
1605.41
1448.68
1541.96
1320.43
1117.31
925.36
1050.87
2028.67
926.90
1017.25
921.16
786.11
1158.14
2160.88
1380.11
1224.64
388.35
1075.21
1232.15
592.04
1636.33
1387.06
1816.70
1852.55
1016.54
1863.86
1180.93
1495.41
693.11
1638.19
707.19
889.50
1726.07
1775.49
1339.29
1559.42
1397.05
692.55
773.80
1744.08
439.43
1749.02
793.76
1299.20
1620.82
1593.87
615.31
786.55
825.43
1222.31
1166.62
666.49
576.94
842.08
2120.74
1694.18
1220.89
1676.32
1514.68
1784.17
1622.32
934.34
863.03
1009.09
950.65
1673.11
630.53
1268.71
1587.68
627.87
1882.34
962.95
1074.06
750.86
751.50
703.18
851.10
1530.13
1639.44
1200.81
622.37
1905.87
1328.87
993.75
1277.44
1096.05
1643.18
622.80
1007.00
1015.02
1699.97
644.54
1109.18
1768.32
1219.95
1652.82
1816.83
1555.19
1694.19
1273.64
1034.66
899.77
999.54
1695.36
919.95
1553.32
768.49
856.11
1178.51
1104.75
1060.21
1285.14
707.41
2014.38
1829.05
1487.14
947.12
1154.27
980.54
1654.36
410.91
869.15
724.16
1104.99
999.84
1275.32
1342.12
1272.11
841.33
753.23
1214.84
1810.02
1324.87
1463.66
1740.09
1925.67
1656.99
1272.51
1170.28
1677.50
420.94
1340.32
1487.95
845.16
1188.62
1121.66
1370.70
995.76
1089.77
1291.56
735.49
1630.43
1374.57
647.80
1121.37
1629.53
1087.82
584.15
672.67
1177.71
560.83
1239.63
476.81
1134.70
1389.79
1729.74
1223.84
1116.00
555.75
1284.84
741.01
678.54
1203.79
1310.95
1024.19
1118.94
1242.80
824.46
783.60
785.08
1838.14
1433.57
979.28
1494.94
1884.91
682.55
1870.00
1640.38
1654.35
1304.09
1222.81
1106.95
664.66
933.60
1941.67
706.21
841.50
1562.97
1234.47
790.27
1331.99
1034.17
1563.00
1612.87
768.23
866.98
1514.19
1150.69
962.53
1009.48
494.39
408.07
1357.88
1091.58
1004.54
739.37
1452.94
1308.18
1243.93
1133.72
716.66
1556.38
1123.60
1048.67
1122.72
1281.83
936.21
778.65
1945.82
1309.00
1227.56
1285.05
1221.86
1051.46
1207.84
1611.96
1824.41
1346.17
947.65
1191.98
1608.02
1224.42
1553.42
974.83
1201.89
728.15
1346.93
1085.23
1936.59
1144.19
840.74
1082.89
703.53
972.41
1086.39
707.51
1356.18
795.99
1133.27
1115.97
852.52
796.63
561.61
663.06
1553.60
957.05
1259.99
1368.63
1693.21
924.67
2044.34
798.85
1353.60
1021.72
752.15
1010.95
1320.16
2075.12
755.71
1359.70
873.58
1064.80
1578.30
1256.76
751.51
1236.05
856.36
812.62
1662.63
1891.65
1011.47
1329.13
2179.13
2192.58
1033.43
1331.66
913.87
1409.83
597.30
873.58
819.26
1151.24
458.57
2019.49
1859.49
1010.11
935.74
1130.72
768.36
1112.06
1846.44
1157.26
570.44
1610.92
1148.69
950.86
752.38
745.04
1156.67
1250.63
1320.11
1329.91
690.94
1837.39
1055.69
1230.49
1601.35
2040.65
1022.21
1656.39
982.98
1247.32
1004.13
868.89
962.23
1896.03
1187.60
1219.47
1862.03
1514.21
1563.64
1559.63
1937.80
1150.16
733.60
2063.79
1346.69
851.58
1208.38
829.15
1212.65
1419.07
1727.83
1331.56
881.32
1567.62
693.06
1522.18
1045.27
1104.21
653.16
1222.10
905.64
1099.65
1190.28
1178.19
824.15
718.69
884.77
982.40
1794.93
906.38
904.34
1206.09
1871.89
1631.62
1640.75
762.43
1867.82
1299.91
1490.62
1885.86
1069.11
788.54
846.18
1491.69
1501.83
1114.50
1004.61
1669.59
1059.20
2019.47
1268.14
1843.28
1558.18
989.29
1463.98
1189.11
1853.96
1076.54
823.30
936.84
840.42
1194.32
918.30
877.30
778.08
989.74
1185.58
787.97
2043.30
1247.86
424.34
830.90
1240.78
889.08
1053.89
1284.30
961.19
595.68
1102.96
1169.90
681.96
1212.63
1336.22
838.76
1319.03
986.67
2023.53
1529.38
813.76
1093.60
1291.99
1777.44
1273.82
536.93
569.67
2051.29
1036.18
1110.16
1225.74
786.89
1310.47
1704.09
1164.66
1543.32
1675.64
1625.27
866.97
1142.38
828.09
678.87
943.86
598.49
2034.42
1940.29
635.37
1701.34
921.42
1576.45
945.69
1941.96
1663.60
1191.37
813.21
1790.14
1140.16
617.72
538.44
1163.45
827.96
743.08
927.37
1064.86
2147.15
1385.26
1344.39
1316.99
759.03
850.62
1137.54
2017.67
1956.83
827.33
1276.09
1178.95
1812.87
1578.13
1619.62
830.89
1275.89
1547.65
1447.49
1689.71
480.31
945.97
990.65
1027.15
869.28
570.41
1574.75
1920.27
1141.32
785.62
937.99
1341.12
1141.00
1305.08
1701.61
746.81
1275.46
1503.72
1738.47
1002.26
1531.40
1179.59
1222.37
419.88
550.84
2073.45
1191.98
1750.60
852.86
955.67
426.10
828.36
888.35
1173.68
1628.86
1521.60
352.38
911.27
508.65
1558.96
724.32
1179.42
739.12
1307.55
1853.95
637.51
210.40
700.57
1131.83
1477.32
1716.21
1025.75
1132.93
1179.05
1212.12
878.55
1341.35
1006.62
588.34
1561.08
1954.17
1062.99
1071.63
1006.58
1636.87
738.21
1160.53
907.14
1554.17
1416.81
947.58
1264.04
1082.62
763.02
1625.64
1126.27
1146.34
1282.74
1138.61
1280.97
1066.16
1346.15
921.67
958.91
1643.04
1420.23
702.60
862.26
838.94
938.94
936.06
1079.19
1933.53
1450.83
1883.29
1087.00
1197.68
583.26
1017.89
1706.99
1002.99
1149.63
620.12
1023.26
1368.34
1191.43
975.19
1721.14
1215.54
931.18
1490.64
1544.73
1447.08
564.46
1263.12
1114.16
880.83
2058.74
1322.80
1597.94
963.63
607.76
933.96
1142.98
1237.44
874.23
504.93
479.16
1537.71
905.72
1506.85
2199.97
1377.91
1104.84
1043.06
850.70
1856.05
1377.39
1005.89
871.28
1411.06
800.48
925.00
1598.40
723.65
895.95
833.83
1672.41
1422.55
1612.82
553.77
543.21
1113.20
633.40
539.21
722.89
1708.26
691.83
1332.16
1731.77
950.02
1490.41
1250.72
1127.34
933.26
1445.98
948.10
1064.08
1093.29
797.50
1599.70
997.57
986.90
1547.40
1267.49
1968.95
1013.67
1580.61
719.29
842.23
1128.86
785.35
1436.70
1996.16
1412.90
1253.21
1061.90
1724.43
1039.90
1145.76
1658.53
849.28
1127.46
1040.88
1791.77
1991.19
1872.75
747.38
568.99
758.58
1098.36
1910.51
1567.29
544.83
1017.15
543.20
1452.09
2027.15
947.39
1013.91
1576.06
1227.34
1005.83
714.45
1831.65
800.25
965.37
1632.89
1077.73
776.94
610.79
1254.47
606.21
1854.99
855.21
1022.19
1624.87
798.30
543.42
1477.37
1300.31
1202.84
1471.62
1062.86
939.35
1393.59
1423.95
625.66
838.01
1171.04
1639.30
520.99
2031.16
1162.72
747.11
661.42
1287.12
978.88
938.74
1684.16
1398.26
1135.51
859.14
728.13
612.30
1299.26
812.97
531.60
1920.87
1303.73
2066.97
689.55
560.36
549.74
1122.10
1910.36
1357.06
546.67
1347.13
1646.54
1261.09
913.84
1310.87
1423.20
607.90
1312.85
1586.50
1083.04
865.05
541.71
745.77
1427.70
462.23
1618.99
1336.82
1190.15
775.68
1546.20
1125.85
1011.17
1763.38
1892.38
716.26
1022.91
1222.68
1444.89
912.76
1564.64
1189.84
1035.72
943.59
1959.48
1076.05
1658.37
1643.24
2043.04
1292.01
965.89
1697.46
1128.53
652.25
1415.78
622.12
1008.41
934.51
1398.05
1352.92
803.82
873.86
671.92
1195.06
1777.15
1028.00
2276.03
1703.59
1585.65
1437.53
1043.35
1507.57
1283.80
911.44
851.18
1419.52
866.75
1297.09
1578.10
1899.51
1912.86
1406.99
636.00
856.31
1826.88
2061.85
841.29
1777.83
1224.23
711.36
1781.22
1195.64
1801.90
1208.06
1863.81
1411.91
1202.03
332.31
685.90
1149.02
691.10
1059.94
1908.04
1166.81
825.96
1521.03
1208.27
1077.27
140.54
979.73
1769.63
1813.95
1999.02
1338.79
1032.91
1391.86
582.93
1261.88
1223.33
1691.13
864.58
1048.44
1302.56
1157.68
1618.70
837.55
719.16
1418.89
1749.88
1102.34
1488.67
1838.30
1756.10
1208.26
827.04
1326.09
770.42
661.11
459.30
1129.11
453.92
1166.01
1174.23
1681.65
845.77
1759.16
624.03
662.35
558.01
1974.77
2057.52
1098.59
1374.57
1416.22
808.48
1294.84
1307.27
1683.77
926.64
1626.99
731.58
1365.28
583.55
1205.32
2031.85
1002.29
1802.10
940.36
2115.65
1360.50
758.79
1544.02
1160.87
895.84
1726.77
1291.86
709.49
1357.18
1807.84
1021.91
712.56
1203.78
757.13
2017.69
960.15
1964.26
1987.94
830.33
1366.76
852.57
272.69
839.08
1725.57
711.66
1325.34
799.81
1485.07
1752.77
1943.24
906.05
1026.04
620.38
1195.38
822.94
1587.53
1715.40
2069.43
1131.85
834.26
804.57
1568.63
1407.82
1481.28
1238.09
1636.59
631.22
1218.24
513.43
564.81
1232.47
1326.27
1446.13
813.25
1559.44
1465.36
1011.01
1711.98
354.08
653.22
1564.80
764.62
710.86
964.22
1005.68
1526.69
1618.00
1632.42
1332.39
1106.42
1243.77
1676.81
1071.24
1416.59
1985.59
594.42
922.77
681.94
708.25
1970.15
1227.75
915.51
1354.62
1095.10
1257.04
790.65
1163.01
1789.43
831.64
1712.77
1115.38
2053.06
1746.25
1115.23
265.79
1008.14
1279.88
1503.93
650.41
1634.05
944.73
818.63
1158.66
1598.65
1037.79
1025.34
1278.30
1977.85
1816.94
695.73
1939.82
1212.97
1217.20
307.80
1118.25
1239.69
1035.83
1493.08
1316.34
1067.63
665.26
868.45
1439.69
707.39
